Run 1000 / 100000 — elapsed 3.0 min, ETA 297.8 min 2026-04-16 02:47:42
Run 2000 / 100000 — elapsed 6.0 min, ETA 291.7 min 2026-04-16 02:50:39
Run 3000 / 100000 — elapsed 8.9 min, ETA 289.0 min 2026-04-16 02:53:38
Run 4000 / 100000 — elapsed 11.9 min, ETA 285.2 min 2026-04-16 02:56:35
Run 5000 / 100000 — elapsed 14.8 min, ETA 281.6 min 2026-04-16 02:59:31
Run 6000 / 100000 — elapsed 17.8 min, ETA 278.3 min 2026-04-16 03:02:28
Run 7000 / 100000 — elapsed 20.7 min, ETA 275.2 min 2026-04-16 03:05:24
Run 8000 / 100000 — elapsed 23.7 min, ETA 272.0 min 2026-04-16 03:08:21
Run 9000 / 100000 — elapsed 26.6 min, ETA 268.9 min 2026-04-16 03:11:17
Run 10000 / 100000 — elapsed 29.5 min, ETA 265.8 min 2026-04-16 03:14:14
Run 11000 / 100000 — elapsed 32.5 min, ETA 262.8 min 2026-04-16 03:17:11
Run 12000 / 100000 — elapsed 35.4 min, ETA 259.9 min 2026-04-16 03:20:08
Run 13000 / 100000 — elapsed 38.4 min, ETA 256.8 min 2026-04-16 03:23:04
Run 14000 / 100000 — elapsed 41.3 min, ETA 253.8 min 2026-04-16 03:26:01
Run 15000 / 100000 — elapsed 44.3 min, ETA 250.8 min 2026-04-16 03:28:57
Run 16000 / 100000 — elapsed 47.2 min, ETA 247.8 min 2026-04-16 03:31:54
Run 17000 / 100000 — elapsed 50.1 min, ETA 244.8 min 2026-04-16 03:34:50
Run 18000 / 100000 — elapsed 53.1 min, ETA 241.8 min 2026-04-16 03:37:47
Run 19000 / 100000 — elapsed 56.0 min, ETA 238.9 min 2026-04-16 03:40:43
Run 20000 / 100000 — elapsed 59.0 min, ETA 235.9 min 2026-04-16 03:43:40
Run 21000 / 100000 — elapsed 61.9 min, ETA 232.9 min 2026-04-16 03:46:37
Run 22000 / 100000 — elapsed 64.9 min, ETA 230.0 min 2026-04-16 03:49:33
Run 23000 / 100000 — elapsed 67.8 min, ETA 227.0 min 2026-04-16 03:52:30
Run 24000 / 100000 — elapsed 70.7 min, ETA 224.0 min 2026-04-16 03:55:27
Run 25000 / 100000 — elapsed 73.7 min, ETA 221.1 min 2026-04-16 03:58:23
Run 26000 / 100000 — elapsed 76.6 min, ETA 218.1 min 2026-04-16 04:01:20
Run 27000 / 100000 — elapsed 79.6 min, ETA 215.1 min 2026-04-16 04:04:16
Run 28000 / 100000 — elapsed 82.5 min, ETA 212.2 min 2026-04-16 04:07:13
Run 29000 / 100000 — elapsed 85.5 min, ETA 209.3 min 2026-04-16 04:10:10
Run 30000 / 100000 — elapsed 88.4 min, ETA 206.3 min 2026-04-16 04:13:07
Run 31000 / 100000 — elapsed 91.4 min, ETA 203.3 min 2026-04-16 04:16:03
Run 32000 / 100000 — elapsed 94.3 min, ETA 200.4 min 2026-04-16 04:19:00
Run 33000 / 100000 — elapsed 97.2 min, ETA 197.4 min 2026-04-16 04:21:56
Run 34000 / 100000 — elapsed 100.2 min, ETA 194.5 min 2026-04-16 04:24:53
Run 35000 / 100000 — elapsed 103.1 min, ETA 191.5 min 2026-04-16 04:27:49
Run 36000 / 100000 — elapsed 106.1 min, ETA 188.6 min 2026-04-16 04:30:46
Run 37000 / 100000 — elapsed 109.0 min, ETA 185.6 min 2026-04-16 04:33:43
Run 38000 / 100000 — elapsed 112.0 min, ETA 182.7 min 2026-04-16 04:36:40
Run 39000 / 100000 — elapsed 114.9 min, ETA 179.7 min 2026-04-16 04:39:36
Run 40000 / 100000 — elapsed 117.9 min, ETA 176.8 min 2026-04-16 04:42:33
Run 41000 / 100000 — elapsed 120.8 min, ETA 173.8 min 2026-04-16 04:45:30
Run 42000 / 100000 — elapsed 123.8 min, ETA 170.9 min 2026-04-16 04:48:28
Run 43000 / 100000 — elapsed 126.7 min, ETA 168.0 min 2026-04-16 04:51:25
Run 44000 / 100000 — elapsed 129.7 min, ETA 165.0 min 2026-04-16 04:54:22
Run 45000 / 100000 — elapsed 132.6 min, ETA 162.1 min 2026-04-16 04:57:19
Run 46000 / 100000 — elapsed 135.6 min, ETA 159.1 min 2026-04-16 05:00:16
Run 47000 / 100000 — elapsed 138.5 min, ETA 156.2 min 2026-04-16 05:03:12
Run 48000 / 100000 — elapsed 141.5 min, ETA 153.2 min 2026-04-16 05:06:09
Run 49000 / 100000 — elapsed 144.4 min, ETA 150.3 min 2026-04-16 05:09:06
Run 50000 / 100000 — elapsed 147.3 min, ETA 147.3 min 2026-04-16 05:12:02
Run 51000 / 100000 — elapsed 150.3 min, ETA 144.4 min 2026-04-16 05:14:59
Run 52000 / 100000 — elapsed 153.2 min, ETA 141.4 min 2026-04-16 05:17:56
Run 53000 / 100000 — elapsed 156.2 min, ETA 138.5 min 2026-04-16 05:20:53
Run 54000 / 100000 — elapsed 159.1 min, ETA 135.6 min 2026-04-16 05:23:49
Run 55000 / 100000 — elapsed 162.1 min, ETA 132.6 min 2026-04-16 05:26:46
Run 56000 / 100000 — elapsed 165.0 min, ETA 129.7 min 2026-04-16 05:29:43
Run 57000 / 100000 — elapsed 168.0 min, ETA 126.7 min 2026-04-16 05:32:40
Run 58000 / 100000 — elapsed 170.9 min, ETA 123.8 min 2026-04-16 05:35:36
Run 59000 / 100000 — elapsed 173.9 min, ETA 120.8 min 2026-04-16 05:38:33
Run 60000 / 100000 — elapsed 176.8 min, ETA 117.9 min 2026-04-16 05:41:30
Run 61000 / 100000 — elapsed 179.7 min, ETA 114.9 min 2026-04-16 05:44:26
Run 62000 / 100000 — elapsed 182.7 min, ETA 112.0 min 2026-04-16 05:47:23
Run 63000 / 100000 — elapsed 185.6 min, ETA 109.0 min 2026-04-16 05:50:20
Run 64000 / 100000 — elapsed 188.6 min, ETA 106.1 min 2026-04-16 05:53:16
Run 65000 / 100000 — elapsed 191.5 min, ETA 103.1 min 2026-04-16 05:56:13
Run 66000 / 100000 — elapsed 194.5 min, ETA 100.2 min 2026-04-16 05:59:12
Run 67000 / 100000 — elapsed 197.5 min, ETA 97.3 min 2026-04-16 06:02:10
Run 68000 / 100000 — elapsed 200.4 min, ETA 94.3 min 2026-04-16 06:05:08
Run 69000 / 100000 — elapsed 203.4 min, ETA 91.4 min 2026-04-16 06:08:05
Run 70000 / 100000 — elapsed 206.3 min, ETA 88.4 min 2026-04-16 06:11:02
Run 71000 / 100000 — elapsed 209.3 min, ETA 85.5 min 2026-04-16 06:13:59
Run 72000 / 100000 — elapsed 212.2 min, ETA 82.5 min 2026-04-16 06:16:54
Run 73000 / 100000 — elapsed 215.1 min, ETA 79.6 min 2026-04-16 06:19:48
Run 74000 / 100000 — elapsed 218.0 min, ETA 76.6 min 2026-04-16 06:22:42
Run 75000 / 100000 — elapsed 220.9 min, ETA 73.6 min 2026-04-16 06:25:34
Run 76000 / 100000 — elapsed 223.7 min, ETA 70.7 min 2026-04-16 06:28:26
Run 77000 / 100000 — elapsed 226.6 min, ETA 67.7 min 2026-04-16 06:31:20
Run 78000 / 100000 — elapsed 229.5 min, ETA 64.7 min 2026-04-16 06:34:13
Run 79000 / 100000 — elapsed 232.4 min, ETA 61.8 min 2026-04-16 06:37:05
Run 80000 / 100000 — elapsed 235.3 min, ETA 58.8 min 2026-04-16 06:39:58
Run 81000 / 100000 — elapsed 238.2 min, ETA 55.9 min 2026-04-16 06:42:52
Run 82000 / 100000 — elapsed 241.1 min, ETA 52.9 min 2026-04-16 06:45:47
Run 83000 / 100000 — elapsed 244.0 min, ETA 50.0 min 2026-04-16 06:48:42
Run 84000 / 100000 — elapsed 246.9 min, ETA 47.0 min 2026-04-16 06:51:34
Run 85000 / 100000 — elapsed 249.7 min, ETA 44.1 min 2026-04-16 06:54:26
Run 86000 / 100000 — elapsed 252.6 min, ETA 41.1 min 2026-04-16 06:57:18
Run 87000 / 100000 — elapsed 255.5 min, ETA 38.2 min 2026-04-16 07:00:11
Run 88000 / 100000 — elapsed 258.4 min, ETA 35.2 min 2026-04-16 07:03:04
Run 89000 / 100000 — elapsed 261.3 min, ETA 32.3 min 2026-04-16 07:05:59
Run 90000 / 100000 — elapsed 264.2 min, ETA 29.4 min 2026-04-16 07:08:52
Run 91000 / 100000 — elapsed 267.1 min, ETA 26.4 min 2026-04-16 07:11:47
Run 92000 / 100000 — elapsed 270.0 min, ETA 23.5 min 2026-04-16 07:14:40
Run 93000 / 100000 — elapsed 272.8 min, ETA 20.5 min 2026-04-16 07:17:32
Run 94000 / 100000 — elapsed 275.7 min, ETA 17.6 min 2026-04-16 07:20:21
Run 95000 / 100000 — elapsed 278.5 min, ETA 14.7 min 2026-04-16 07:23:12
Run 96000 / 100000 — elapsed 281.3 min, ETA 11.7 min 2026-04-16 07:26:00
Run 97000 / 100000 — elapsed 284.1 min, ETA 8.8 min 2026-04-16 07:28:50
Run 98000 / 100000 — elapsed 287.0 min, ETA 5.9 min 2026-04-16 07:31:39
Run 99000 / 100000 — elapsed 289.8 min, ETA 2.9 min 2026-04-16 07:34:29
Run 100000 / 100000 — elapsed 292.6 min, ETA 0.0 min 2026-04-16 07:37:19
All 100000 runs completed in 292.6 min

══════════════════════════════════════════════════════════════════════════════════
SUMMARY — 100000 runs, 292.6 min
══════════════════════════════════════════════════════════════════════════════════

── Operation-order comparison for Bns ──
   (mean-of-per-run) vs (from-mean-logQ); |gap/SEM| ≫ 3 means statistically significant bias

   n │   Bns mean-of-runs │ Bns from-mean-logQ │   Jensen gap │   gap/SEM
  ───┼────────────────────┼────────────────────┼──────────────┼───────────
   2 │       0.4921622671 │       0.4920897854 │    7.248e-05 │      2.69
   3 │       0.9355465769 │       0.9351629661 │    0.0003836 │      4.91
   4 │        2.204576819 │        2.202922876 │     0.001654 │      6.54
   5 │        5.801177937 │        5.794071817 │     0.007106 │      8.32
   6 │        16.33428224 │        16.30486661 │      0.02942 │        10
   7 │        48.15163082 │        48.03179456 │       0.1198 │      11.7
   8 │        146.7363812 │        146.2542581 │       0.4821 │      13.4
   9 │        458.5506262 │        456.6284702 │        1.922 │        15
  10 │        1461.516849 │        1453.907046 │         7.61 │      16.7
  11 │        4732.855622 │        4702.895752 │        29.96 │      18.3
  12 │        15528.37778 │        15410.95864 │        117.4 │        20
  13 │        51510.04196 │        51051.57674 │        458.5 │      21.6

── Operation-order comparison for bns ──
   n │   bns mean-of-runs │ bns from-mean-logQ │   Jensen gap │   gap/SEM
  ───┼────────────────────┼────────────────────┼──────────────┼───────────
   2 │      -0.4921622671 │      -0.4920897854 │   -7.248e-05 │     -2.69
   3 │      0.01681909641 │       0.0167232308 │    9.587e-05 │      3.86
   4 │      0.01065482357 │      0.01072106417 │   -6.624e-05 │     -3.68
   5 │     0.006662910162 │     0.006607615526 │    5.529e-05 │      4.16
   6 │      0.00364803315 │     0.003691134032 │    -4.31e-05 │     -4.38
   7 │      0.00180171122 │     0.001766733934 │    3.498e-05 │      4.91
   8 │    0.0005583483434 │    0.0005867846805 │   -2.844e-05 │     -5.62
   9 │    6.801084939e-06 │   -1.555383283e-05 │    2.235e-05 │      6.43
  10 │   -0.0002614722313 │   -0.0002430301943 │   -1.844e-05 │     -7.98
  11 │   -0.0002421614943 │   -0.0002559099652 │    1.375e-05 │      9.16
  12 │   -0.0001877051297 │   -0.0001765695454 │   -1.114e-05 │     -11.9
  13 │   -7.519623025e-05 │   -8.352970538e-05 │    8.333e-06 │      14.7

── logQ correlation matrix (full) ──
        N= 0    N= 1    N= 2    N= 3    N= 4    N= 5    N= 6    N= 7    N= 8    N= 9    N=10    N=11    N=12    N=13   
 N= 0     NaN     NaN     NaN     NaN     NaN     NaN     NaN     NaN     NaN     NaN     NaN     NaN     NaN     NaN 
 N= 1     NaN   1.000   0.729   0.589   0.508   0.452   0.409   0.376   0.353   0.331   0.313   0.296   0.282   0.271 
 N= 2     NaN   0.729   1.000   0.832   0.715   0.637   0.577   0.531   0.495   0.465   0.440   0.417   0.398   0.382 
 N= 3     NaN   0.589   0.832   1.000   0.877   0.781   0.708   0.652   0.607   0.571   0.541   0.513   0.490   0.469 
 N= 4     NaN   0.508   0.715   0.877   1.000   0.903   0.820   0.756   0.704   0.662   0.626   0.596   0.567   0.544 
 N= 5     NaN   0.452   0.637   0.781   0.903   1.000   0.920   0.849   0.791   0.742   0.703   0.668   0.637   0.609 
 N= 6     NaN   0.409   0.577   0.708   0.820   0.920   1.000   0.931   0.868   0.814   0.771   0.733   0.699   0.669 
 N= 7     NaN   0.376   0.531   0.652   0.756   0.849   0.931   1.000   0.940   0.882   0.834   0.793   0.756   0.723 
 N= 8     NaN   0.353   0.495   0.607   0.704   0.791   0.868   0.940   1.000   0.946   0.894   0.850   0.811   0.776 
 N= 9     NaN   0.331   0.465   0.571   0.662   0.742   0.814   0.882   0.946   1.000   0.951   0.904   0.862   0.825 
 N=10     NaN   0.313   0.440   0.541   0.626   0.703   0.771   0.834   0.894   0.951   1.000   0.955   0.911   0.872 
 N=11     NaN   0.296   0.417   0.513   0.596   0.668   0.733   0.793   0.850   0.904   0.955   1.000   0.959   0.917 
 N=12     NaN   0.282   0.398   0.490   0.567   0.637   0.699   0.756   0.811   0.862   0.911   0.959   1.000   0.962 
 N=13     NaN   0.271   0.382   0.469   0.544   0.609   0.669   0.723   0.776   0.825   0.872   0.917   0.962   1.000 

── bns correlation matrix (indices 2..13) ──
        n= 2    n= 3    n= 4    n= 5    n= 6    n= 7    n= 8    n= 9    n=10    n=11    n=12    n=13   
 n= 2   1.000  -0.722  -0.001   0.039   0.037   0.025   0.025   0.017  -0.003  -0.012  -0.018  -0.027 
 n= 3  -0.722   1.000  -0.524  -0.022   0.013   0.014   0.012   0.007   0.016   0.004  -0.007  -0.003 
 n= 4  -0.001  -0.524   1.000  -0.520  -0.023   0.008   0.009   0.013   0.013   0.013   0.014  -0.009 
 n= 5   0.039  -0.022  -0.520   1.000  -0.523  -0.018   0.001   0.011   0.010   0.019   0.013   0.017 
 n= 6   0.037   0.013  -0.023  -0.523   1.000  -0.521  -0.017  -0.002   0.002   0.012   0.022   0.020 
 n= 7   0.025   0.014   0.008  -0.018  -0.521   1.000  -0.513  -0.019  -0.008  -0.000   0.001   0.030 
 n= 8   0.025   0.012   0.009   0.001  -0.017  -0.513   1.000  -0.509  -0.022  -0.020  -0.002  -0.004 
 n= 9   0.017   0.007   0.013   0.011  -0.002  -0.019  -0.509   1.000  -0.492  -0.035  -0.020  -0.015 
 n=10  -0.003   0.016   0.013   0.010   0.002  -0.008  -0.022  -0.492   1.000  -0.469  -0.040  -0.038 
 n=11  -0.012   0.004   0.013   0.019   0.012  -0.000  -0.020  -0.035  -0.469   1.000  -0.456  -0.041 
 n=12  -0.018  -0.007   0.014   0.013   0.022   0.001  -0.002  -0.020  -0.040  -0.456   1.000  -0.427 
 n=13  -0.027  -0.003  -0.009   0.017   0.020   0.030  -0.004  -0.015  -0.038  -0.041  -0.427   1.000 

── Bns correlation matrix (indices 2..13) ──
        n= 2    n= 3    n= 4    n= 5    n= 6    n= 7    n= 8    n= 9    n=10    n=11    n=12    n=13   
 n= 2   1.000   0.898   0.887   0.882   0.878   0.876   0.874   0.873   0.872   0.871   0.870   0.869 
 n= 3   0.898   1.000   0.990   0.985   0.982   0.980   0.978   0.977   0.976   0.975   0.974   0.973 
 n= 4   0.887   0.990   1.000   0.999   0.997   0.996   0.995   0.995   0.994   0.993   0.992   0.992 
 n= 5   0.882   0.985   0.999   1.000   1.000   0.999   0.999   0.998   0.998   0.997   0.997   0.996 
 n= 6   0.878   0.982   0.997   1.000   1.000   1.000   1.000   0.999   0.999   0.999   0.998   0.998 
 n= 7   0.876   0.980   0.996   0.999   1.000   1.000   1.000   1.000   1.000   0.999   0.999   0.999 
 n= 8   0.874   0.978   0.995   0.999   1.000   1.000   1.000   1.000   1.000   1.000   0.999   0.999 
 n= 9   0.873   0.977   0.995   0.998   0.999   1.000   1.000   1.000   1.000   1.000   1.000   0.999 
 n=10   0.872   0.976   0.994   0.998   0.999   1.000   1.000   1.000   1.000   1.000   1.000   1.000 
 n=11   0.871   0.975   0.993   0.997   0.999   0.999   1.000   1.000   1.000   1.000   1.000   1.000 
 n=12   0.870   0.974   0.992   0.997   0.998   0.999   0.999   1.000   1.000   1.000   1.000   1.000 
 n=13   0.869   0.973   0.992   0.996   0.998   0.999   0.999   0.999   1.000   1.000   1.000   1.000 

── Off-diagonal correlation summary ──
  logQ off-diag (N≥1): min =  0.271, max =  0.962, mean =  0.678
  bns  off-diag (n≥2): min = -0.722, max =  0.039, mean = -0.086
  Bns  off-diag (n≥2): min =  0.869, max =  1.000, mean =  0.975

Done.
