Run 1000 / 100000 — elapsed 2.3 min, ETA 223.0 min 2026-04-16 02:21:35
Run 2000 / 100000 — elapsed 4.5 min, ETA 220.9 min 2026-04-16 02:23:50
Run 3000 / 100000 — elapsed 6.8 min, ETA 219.5 min 2026-04-16 02:26:07
Run 4000 / 100000 — elapsed 9.1 min, ETA 217.8 min 2026-04-16 02:28:24
Run 5000 / 100000 — elapsed 11.4 min, ETA 216.1 min 2026-04-16 02:30:42
Run 6000 / 100000 — elapsed 13.7 min, ETA 214.5 min 2026-04-16 02:33:01
Run 7000 / 100000 — elapsed 16.0 min, ETA 212.2 min 2026-04-16 02:35:18
Run 8000 / 100000 — elapsed 18.3 min, ETA 210.3 min 2026-04-16 02:37:37
Run 9000 / 100000 — elapsed 20.6 min, ETA 208.4 min 2026-04-16 02:39:56
Run 10000 / 100000 — elapsed 23.0 min, ETA 206.6 min 2026-04-16 02:42:17
Run 11000 / 100000 — elapsed 25.3 min, ETA 204.6 min 2026-04-16 02:44:37
Run 12000 / 100000 — elapsed 27.7 min, ETA 202.9 min 2026-04-16 02:47:00
Run 13000 / 100000 — elapsed 30.0 min, ETA 200.9 min 2026-04-16 02:49:21
Run 14000 / 100000 — elapsed 32.4 min, ETA 198.8 min 2026-04-16 02:51:42
Run 15000 / 100000 — elapsed 34.8 min, ETA 197.4 min 2026-04-16 02:54:09
Run 16000 / 100000 — elapsed 37.2 min, ETA 195.2 min 2026-04-16 02:56:31
Run 17000 / 100000 — elapsed 39.5 min, ETA 193.0 min 2026-04-16 02:58:52
Run 18000 / 100000 — elapsed 41.9 min, ETA 190.8 min 2026-04-16 03:01:13
Run 19000 / 100000 — elapsed 44.2 min, ETA 188.6 min 2026-04-16 03:03:34
Run 20000 / 100000 — elapsed 46.6 min, ETA 186.4 min 2026-04-16 03:05:55
Run 21000 / 100000 — elapsed 48.9 min, ETA 184.1 min 2026-04-16 03:08:16
Run 22000 / 100000 — elapsed 51.3 min, ETA 181.9 min 2026-04-16 03:10:37
Run 23000 / 100000 — elapsed 53.6 min, ETA 179.6 min 2026-04-16 03:12:59
Run 24000 / 100000 — elapsed 56.0 min, ETA 177.3 min 2026-04-16 03:15:20
Run 25000 / 100000 — elapsed 58.4 min, ETA 175.1 min 2026-04-16 03:17:41
Run 26000 / 100000 — elapsed 60.7 min, ETA 172.8 min 2026-04-16 03:20:03
Run 27000 / 100000 — elapsed 63.1 min, ETA 170.5 min 2026-04-16 03:22:24
Run 28000 / 100000 — elapsed 65.4 min, ETA 168.2 min 2026-04-16 03:24:45
Run 29000 / 100000 — elapsed 67.8 min, ETA 165.9 min 2026-04-16 03:27:06
Run 30000 / 100000 — elapsed 70.1 min, ETA 163.6 min 2026-04-16 03:29:27
Run 31000 / 100000 — elapsed 72.5 min, ETA 161.3 min 2026-04-16 03:31:48
Run 32000 / 100000 — elapsed 74.8 min, ETA 159.0 min 2026-04-16 03:34:09
Run 33000 / 100000 — elapsed 77.2 min, ETA 156.7 min 2026-04-16 03:36:30
Run 34000 / 100000 — elapsed 79.5 min, ETA 154.4 min 2026-04-16 03:38:51
Run 35000 / 100000 — elapsed 81.9 min, ETA 152.1 min 2026-04-16 03:41:13
Run 36000 / 100000 — elapsed 84.2 min, ETA 149.7 min 2026-04-16 03:43:34
Run 37000 / 100000 — elapsed 86.6 min, ETA 147.4 min 2026-04-16 03:45:55
Run 38000 / 100000 — elapsed 88.9 min, ETA 145.1 min 2026-04-16 03:48:16
Run 39000 / 100000 — elapsed 91.3 min, ETA 142.8 min 2026-04-16 03:50:37
Run 40000 / 100000 — elapsed 93.6 min, ETA 140.5 min 2026-04-16 03:52:58
Run 41000 / 100000 — elapsed 96.0 min, ETA 138.1 min 2026-04-16 03:55:19
Run 42000 / 100000 — elapsed 98.3 min, ETA 135.8 min 2026-04-16 03:57:40
Run 43000 / 100000 — elapsed 100.7 min, ETA 133.5 min 2026-04-16 04:00:01
Run 44000 / 100000 — elapsed 103.0 min, ETA 131.2 min 2026-04-16 04:02:23
Run 45000 / 100000 — elapsed 105.4 min, ETA 128.8 min 2026-04-16 04:04:44
Run 46000 / 100000 — elapsed 107.8 min, ETA 126.5 min 2026-04-16 04:07:05
Run 47000 / 100000 — elapsed 110.1 min, ETA 124.2 min 2026-04-16 04:09:26
Run 48000 / 100000 — elapsed 112.5 min, ETA 121.8 min 2026-04-16 04:11:47
Run 49000 / 100000 — elapsed 114.8 min, ETA 119.5 min 2026-04-16 04:14:08
Run 50000 / 100000 — elapsed 117.2 min, ETA 117.2 min 2026-04-16 04:16:29
Run 51000 / 100000 — elapsed 119.5 min, ETA 114.8 min 2026-04-16 04:18:51
Run 52000 / 100000 — elapsed 121.9 min, ETA 112.5 min 2026-04-16 04:21:12
Run 53000 / 100000 — elapsed 124.2 min, ETA 110.2 min 2026-04-16 04:23:33
Run 54000 / 100000 — elapsed 126.6 min, ETA 107.8 min 2026-04-16 04:25:54
Run 55000 / 100000 — elapsed 128.9 min, ETA 105.5 min 2026-04-16 04:28:15
Run 56000 / 100000 — elapsed 131.3 min, ETA 103.1 min 2026-04-16 04:30:36
Run 57000 / 100000 — elapsed 133.6 min, ETA 100.8 min 2026-04-16 04:32:58
Run 58000 / 100000 — elapsed 136.0 min, ETA 98.5 min 2026-04-16 04:35:19
Run 59000 / 100000 — elapsed 138.3 min, ETA 96.1 min 2026-04-16 04:37:40
Run 60000 / 100000 — elapsed 140.7 min, ETA 93.8 min 2026-04-16 04:40:02
Run 61000 / 100000 — elapsed 143.1 min, ETA 91.5 min 2026-04-16 04:42:23
Run 62000 / 100000 — elapsed 145.4 min, ETA 89.1 min 2026-04-16 04:44:45
Run 63000 / 100000 — elapsed 147.8 min, ETA 86.8 min 2026-04-16 04:47:07
Run 64000 / 100000 — elapsed 150.1 min, ETA 84.5 min 2026-04-16 04:49:29
Run 65000 / 100000 — elapsed 152.5 min, ETA 82.1 min 2026-04-16 04:51:50
Run 66000 / 100000 — elapsed 154.9 min, ETA 79.8 min 2026-04-16 04:54:12
Run 67000 / 100000 — elapsed 157.2 min, ETA 77.4 min 2026-04-16 04:56:33
Run 68000 / 100000 — elapsed 159.6 min, ETA 75.1 min 2026-04-16 04:58:54
Run 69000 / 100000 — elapsed 161.9 min, ETA 72.7 min 2026-04-16 05:01:15
Run 70000 / 100000 — elapsed 164.3 min, ETA 70.4 min 2026-04-16 05:03:36
Run 71000 / 100000 — elapsed 166.6 min, ETA 68.1 min 2026-04-16 05:05:58
Run 72000 / 100000 — elapsed 169.0 min, ETA 65.7 min 2026-04-16 05:08:19
Run 73000 / 100000 — elapsed 171.3 min, ETA 63.4 min 2026-04-16 05:10:40
Run 74000 / 100000 — elapsed 173.7 min, ETA 61.0 min 2026-04-16 05:13:01
Run 75000 / 100000 — elapsed 176.0 min, ETA 58.7 min 2026-04-16 05:15:22
Run 76000 / 100000 — elapsed 178.4 min, ETA 56.3 min 2026-04-16 05:17:43
Run 77000 / 100000 — elapsed 180.7 min, ETA 54.0 min 2026-04-16 05:20:04
Run 78000 / 100000 — elapsed 183.1 min, ETA 51.6 min 2026-04-16 05:22:26
Run 79000 / 100000 — elapsed 185.4 min, ETA 49.3 min 2026-04-16 05:24:47
Run 80000 / 100000 — elapsed 187.8 min, ETA 47.0 min 2026-04-16 05:27:08
Run 81000 / 100000 — elapsed 190.2 min, ETA 44.6 min 2026-04-16 05:29:29
Run 82000 / 100000 — elapsed 192.5 min, ETA 42.3 min 2026-04-16 05:31:50
Run 83000 / 100000 — elapsed 194.9 min, ETA 39.9 min 2026-04-16 05:34:11
Run 84000 / 100000 — elapsed 197.2 min, ETA 37.6 min 2026-04-16 05:36:32
Run 85000 / 100000 — elapsed 199.6 min, ETA 35.2 min 2026-04-16 05:38:54
Run 86000 / 100000 — elapsed 201.9 min, ETA 32.9 min 2026-04-16 05:41:15
Run 87000 / 100000 — elapsed 204.3 min, ETA 30.5 min 2026-04-16 05:43:36
Run 88000 / 100000 — elapsed 206.6 min, ETA 28.2 min 2026-04-16 05:45:57
Run 89000 / 100000 — elapsed 209.0 min, ETA 25.8 min 2026-04-16 05:48:18
Run 90000 / 100000 — elapsed 211.3 min, ETA 23.5 min 2026-04-16 05:50:39
Run 91000 / 100000 — elapsed 213.7 min, ETA 21.1 min 2026-04-16 05:53:00
Run 92000 / 100000 — elapsed 216.0 min, ETA 18.8 min 2026-04-16 05:55:21
Run 93000 / 100000 — elapsed 218.4 min, ETA 16.4 min 2026-04-16 05:57:44
Run 94000 / 100000 — elapsed 220.8 min, ETA 14.1 min 2026-04-16 06:00:07
Run 95000 / 100000 — elapsed 223.1 min, ETA 11.7 min 2026-04-16 06:02:29
Run 96000 / 100000 — elapsed 225.5 min, ETA 9.4 min 2026-04-16 06:04:51
Run 97000 / 100000 — elapsed 227.9 min, ETA 7.0 min 2026-04-16 06:07:13
Run 98000 / 100000 — elapsed 230.2 min, ETA 4.7 min 2026-04-16 06:09:34
Run 99000 / 100000 — elapsed 232.6 min, ETA 2.3 min 2026-04-16 06:11:56
Run 100000 / 100000 — elapsed 235.0 min, ETA 0.0 min 2026-04-16 06:14:18
All 100000 runs completed in 235.0 min

══════════════════════════════════════════════════════════════════════════════════
SUMMARY — 100,000 runs, 235.0 min
══════════════════════════════════════════════════════════════════════════════════

── Operation-order comparison for Bns ──
   (mean-of-per-run) vs (from-mean-logQ); |gap/SEM| ≫ 3 means statistically significant bias

   n │   Bns mean-of-runs │ Bns from-mean-logQ │   Jensen gap │   gap/SEM
  ───┼────────────────────┼────────────────────┼──────────────┼───────────
   2 │        0.499663067 │       0.4995889718 │     7.41e-05 │      2.72
   3 │       0.9983120954 │       0.9979041688 │    0.0004079 │       4.9
   4 │        2.493197138 │        2.491333885 │     0.001863 │      6.55
   5 │        6.974192625 │        6.965734041 │     0.008459 │      8.31
   6 │        20.90372812 │        20.86660976 │      0.03712 │      9.98
   7 │        65.64416578 │        65.48364147 │       0.1605 │      11.6
   8 │        213.1908118 │        212.5045395 │       0.6863 │      13.3
   9 │        710.1976102 │        707.2879576 │         2.91 │      14.9
  10 │        2413.425372 │        2401.168402 │        12.26 │      16.5
  11 │        8333.833425 │        8282.465302 │        51.37 │      18.1
  12 │        29159.32627 │        28944.94718 │        214.4 │      19.7
  13 │        103157.6394 │        102266.0696 │        891.6 │      21.3

── Operation-order comparison for bns ──
   n │   bns mean-of-runs │ bns from-mean-logQ │   Jensen gap │   gap/SEM
  ───┼────────────────────┼────────────────────┼──────────────┼───────────
   2 │       -0.499663067 │      -0.4995889718 │    -7.41e-05 │     -2.72
   3 │    0.0003184095094 │    0.0002261970326 │    9.221e-05 │      3.73
   4 │    9.391954628e-05 │    0.0001572196351 │    -6.33e-05 │     -3.42
   5 │    0.0002087367259 │    0.0001586274777 │    5.011e-05 │      3.39
   6 │    9.555770133e-05 │    0.0001374062174 │   -4.185e-05 │      -3.4
   7 │    0.0001544281589 │    0.0001179153285 │    3.651e-05 │      3.46
   8 │    4.438766619e-05 │    7.644722232e-05 │   -3.206e-05 │      -3.5
   9 │    0.0001037193915 │    7.596015169e-05 │    2.776e-05 │      3.42
  10 │    4.724235399e-05 │    7.194763583e-05 │   -2.471e-05 │     -3.39
  11 │     8.94217282e-05 │    6.692352111e-05 │     2.25e-05 │      3.42
  12 │    3.745847927e-05 │    5.752790704e-05 │   -2.007e-05 │     -3.32
  13 │    6.807885969e-05 │     4.94953433e-05 │    1.858e-05 │      3.35

── logQ correlation matrix (full) ──
        N= 0    N= 1    N= 2    N= 3    N= 4    N= 5    N= 6    N= 7    N= 8    N= 9    N=10    N=11    N=12    N=13   
 N= 0     NaN     NaN     NaN     NaN     NaN     NaN     NaN     NaN     NaN     NaN     NaN     NaN     NaN     NaN 
 N= 1     NaN   1.000   0.733   0.592   0.512   0.457   0.416   0.384   0.359   0.338   0.321   0.307   0.295   0.284 
 N= 2     NaN   0.733   1.000   0.834   0.719   0.640   0.583   0.538   0.503   0.475   0.450   0.429   0.412   0.396 
 N= 3     NaN   0.592   0.834   1.000   0.880   0.784   0.714   0.659   0.616   0.581   0.550   0.525   0.503   0.485 
 N= 4     NaN   0.512   0.719   0.880   1.000   0.905   0.825   0.762   0.713   0.672   0.637   0.607   0.581   0.559 
 N= 5     NaN   0.457   0.640   0.784   0.905   1.000   0.923   0.853   0.796   0.750   0.711   0.678   0.649   0.624 
 N= 6     NaN   0.416   0.583   0.714   0.825   0.923   1.000   0.934   0.872   0.822   0.779   0.742   0.710   0.682 
 N= 7     NaN   0.384   0.538   0.659   0.762   0.853   0.934   1.000   0.942   0.888   0.841   0.801   0.766   0.736 
 N= 8     NaN   0.359   0.503   0.616   0.713   0.796   0.872   0.942   1.000   0.949   0.899   0.857   0.821   0.788 
 N= 9     NaN   0.338   0.475   0.581   0.672   0.750   0.822   0.888   0.949   1.000   0.954   0.909   0.870   0.835 
 N=10     NaN   0.321   0.450   0.550   0.637   0.711   0.779   0.841   0.899   0.954   1.000   0.959   0.917   0.880 
 N=11     NaN   0.307   0.429   0.525   0.607   0.678   0.742   0.801   0.857   0.909   0.959   1.000   0.962   0.923 
 N=12     NaN   0.295   0.412   0.503   0.581   0.649   0.710   0.766   0.821   0.870   0.917   0.962   1.000   0.965 
 N=13     NaN   0.284   0.396   0.485   0.559   0.624   0.682   0.736   0.788   0.835   0.880   0.923   0.965   1.000 

── bns correlation matrix (indices 2..13) ──
        n= 2    n= 3    n= 4    n= 5    n= 6    n= 7    n= 8    n= 9    n=10    n=11    n=12    n=13   
 n= 2   1.000  -0.684  -0.051   0.003  -0.001  -0.002   0.000   0.003   0.002  -0.001   0.005  -0.001 
 n= 3  -0.684   1.000  -0.463  -0.039  -0.001   0.004   0.001  -0.001   0.001   0.000  -0.007   0.006 
 n= 4  -0.051  -0.463   1.000  -0.464  -0.035  -0.003  -0.001   0.002  -0.004   0.002   0.003  -0.003 
 n= 5   0.003  -0.039  -0.464   1.000  -0.462  -0.038   0.001  -0.002   0.004  -0.001  -0.003  -0.001 
 n= 6  -0.001  -0.001  -0.035  -0.462   1.000  -0.465  -0.036  -0.002  -0.000   0.002   0.004  -0.002 
 n= 7  -0.002   0.004  -0.003  -0.038  -0.465   1.000  -0.463  -0.035  -0.001  -0.003  -0.003   0.004 
 n= 8   0.000   0.001  -0.001   0.001  -0.036  -0.463   1.000  -0.463  -0.037  -0.001   0.000  -0.002 
 n= 9   0.003  -0.001   0.002  -0.002  -0.002  -0.035  -0.463   1.000  -0.465  -0.035   0.003  -0.000 
 n=10   0.002   0.001  -0.004   0.004  -0.000  -0.001  -0.037  -0.465   1.000  -0.462  -0.043   0.001 
 n=11  -0.001   0.000   0.002  -0.001   0.002  -0.003  -0.001  -0.035  -0.462   1.000  -0.461  -0.037 
 n=12   0.005  -0.007   0.003  -0.003   0.004  -0.003   0.000   0.003  -0.043  -0.461   1.000  -0.464 
 n=13  -0.001   0.006  -0.003  -0.001  -0.002   0.004  -0.002  -0.000   0.001  -0.037  -0.464   1.000 

── Bns correlation matrix (indices 2..13) ──
        n= 2    n= 3    n= 4    n= 5    n= 6    n= 7    n= 8    n= 9    n=10    n=11    n=12    n=13   
 n= 2   1.000   0.901   0.888   0.882   0.879   0.877   0.875   0.874   0.872   0.871   0.870   0.869 
 n= 3   0.901   1.000   0.990   0.984   0.980   0.978   0.976   0.975   0.974   0.973   0.972   0.971 
 n= 4   0.888   0.990   1.000   0.999   0.997   0.996   0.995   0.994   0.993   0.992   0.991   0.991 
 n= 5   0.882   0.984   0.999   1.000   1.000   0.999   0.998   0.998   0.997   0.997   0.996   0.996 
 n= 6   0.879   0.980   0.997   1.000   1.000   1.000   1.000   0.999   0.999   0.998   0.998   0.997 
 n= 7   0.877   0.978   0.996   0.999   1.000   1.000   1.000   1.000   0.999   0.999   0.999   0.998 
 n= 8   0.875   0.976   0.995   0.998   1.000   1.000   1.000   1.000   1.000   1.000   0.999   0.999 
 n= 9   0.874   0.975   0.994   0.998   0.999   1.000   1.000   1.000   1.000   1.000   1.000   0.999 
 n=10   0.872   0.974   0.993   0.997   0.999   0.999   1.000   1.000   1.000   1.000   1.000   1.000 
 n=11   0.871   0.973   0.992   0.997   0.998   0.999   1.000   1.000   1.000   1.000   1.000   1.000 
 n=12   0.870   0.972   0.991   0.996   0.998   0.999   0.999   1.000   1.000   1.000   1.000   1.000 
 n=13   0.869   0.971   0.991   0.996   0.997   0.998   0.999   0.999   1.000   1.000   1.000   1.000 

── Off-diagonal correlation summary ──
  logQ off-diag (N≥1): min =  0.284, max =  0.965, mean =  0.686
  bns  off-diag (n≥2): min = -0.684, max =  0.006, mean = -0.086
  Bns  off-diag (n≥2): min =  0.869, max =  1.000, mean =  0.975

Done.
